500     16.38       1.78
600     13.66       1.766
700     11.72       1.755
800     10.26       1.744
900     9.134       1.737
1000    8.260       1.730
2000    3.3319      1.685
3000    2.3805      1.671
4000    1.8525      1.662
5000    1.5176      1.655
6000    1.2858      1.648
7000    1.1159      1.643
8000    0.9856      1.637
9000    0.8825      1.6304
10000   0.7992      1.630
20000   0.4087      1.605
30000   0.2753      1.590
40000   0.2077      1.578
50000   0.1667      1.569
60000   0.1392      1.567
70000   0.496       1.556
80000   0.1048      1.55
90000   0.933       1.545
100000  0.840       1.541
